70 29
0016 0016 0016 0016 0016 0016 0016 0016 0016 0016 0016 0016 0016 0016 0016 0016 0016 0016 0016 0016 0016 0016 0016 0016 0016 0016 0016 0016 0016 0016 0016 0016 0016 0016 0016 0016 0016 0016 0016 0016 0016 0016 0016 0016 0016 0016 0016 0016 0016 0016 0016 0016 0016 0016 0016 0016 0016 0016 0016 0016 0016 0016 0016 0016 0016 0016 0016 0016 0016 0016
2048 2049 2049 2049 2049 2049 2049 2049 2049 2049 2049 2049 2049 2049 2049 2049 2049 2049 2049 2049 2049 2049 2049 2049 2049 2049 2049 2049 2049 2049 2049 2049 2049 2049 2049 2049 2049 2049 2049 2049 2049 2049 2049 2049 2049 2049 2050 0000 0016 0016 0016 0016 0016 0016 0016 0016 0016 0016 0016 0016 0016 0016 0016 0016 0016 0016 0016 0016 0016 0016
2112 2113 2113 2113 2113 2113 2113 2113 2113 2113 2113 2113 2113 2113 2113 2113 2113 2113 2113 2113 2113 2113 2113 2113 2113 2113 2113 2113 2113 2113 2113 2113 2113 2113 2113 2113 2113 2113 2113 2113 2113 2113 2113 2113 2113 2113 2114 0000 0016 0016 0016 0016 0016 0016 0016 0016 0016 0016 0016 0016 0016 0016 0016 0016 0016 0016 0016 0016 0016 0016
2112 2113 2113 2113 2113 2113 2113 2113 2113 2113 2113 2113 2113 2113 2113 2113 2113 2113 2113 2113 2113 2113 2113 2113 2113 2113 2113 2113 2113 2113 2113 2113 2113 2113 2113 2113 2113 2113 2113 2113 2113 2113 2113 2113 2113 2113 2114 0000 0016 0016 0016 0016 0016 0016 0016 0016 0016 0016 0016 0016 0016 0016 0016 0016 0016 0016 0016 0016 0016 0016
2112 2113 2113 2113 2113 2113 2113 2113 2113 2113 2113 2113 2113 2113 2113 2113 2113 2113 2113 2113 2113 2113 2113 2113 2113 2113 2113 2113 2113 2113 2113 2113 2113 2113 2113 2113 2113 2113 2113 2113 2113 2113 2113 2113 2113 2113 2114 0000 0016 0016 0016 0016 0016 0016 0016 0016 0016 0016 0016 0016 0016 0016 0016 0016 0016 0016 0016 0016 0016 0016
2112 2113 2113 2113 2113 2113 2113 2113 2113 2113 2113 2113 2113 2113 2113 2113 2113 2113 2113 2113 2113 2113 2113 2113 2113 2113 2113 2113 2113 2113 2113 2113 2113 2113 2113 2113 2113 2113 2113 2113 2113 2113 2113 2113 2113 2113 2114 0000 0016 0016 0016 0016 0016 0016 0016 0016 0016 0016 0016 0016 0016 0016 0016 0016 0016 0016 0016 0016 0016 0016
2112 2113 2113 2113 2113 2113 2113 2113 2113 2113 2113 2113 2113 2113 2113 2113 2113 2113 2113 2113 2113 2113 2113 2113 2113 2113 2113 2113 2113 2113 2113 2113 2113 2113 2113 2113 2113 2113 2113 2113 2113 2113 2113 2113 2113 2113 2114 0000 0016 0016 0016 0016 0016 0016 0016 0016 0016 0016 0016 0016 0016 0016 0016 0016 0016 0016 0016 0016 0016 0016
2112 2113 2113 2113 2113 2113 2113 2113 2113 2113 2113 2113 2113 2113 2113 2113 2113 2113 2113 2113 2113 2113 2113 2113 2113 2113 2113 2113 2113 2113 2113 2113 2113 2113 2113 2113 2113 2113 2113 2113 2113 2113 2113 2113 2113 2113 2114 0000 0016 0016 0016 0016 0016 0016 0016 0016 0016 0016 0016 0016 0016 0016 0016 0016 0016 0016 0016 0016 0016 0016
2112 2113 2113 2113 2113 2113 2113 2113 2113 2113 2113 2113 2113 2113 2113 2113 2113 2113 2113 2113 2113 2113 2113 2113 2113 2113 2113 2113 2113 2113 2113 2113 2113 2113 2113 2113 2113 2113 2113 2113 2113 2113 2113 2113 2113 2113 2114 0000 0016 0016 0016 0016 0016 0016 0016 0016 0016 0016 0016 0016 0016 0016 0016 0016 0016 0016 0016 0016 0016 0016
2112 2113 2113 2113 2113 2113 2113 2113 2113 2113 2113 2113 2113 2113 2113 2113 2113 2113 2113 2113 2113 2113 2113 2113 2113 2113 2113 2113 2113 2113 2113 2113 2113 2113 2113 2113 2113 2113 2113 2113 2113 2113 2113 2113 2113 2113 2114 0000 0016 0016 0016 0016 0016 0016 0016 0016 0016 0016 0016 0016 0016 0016 0016 0016 0016 0016 0016 0016 0016 0016
2112 2113 2113 2113 2113 2113 2113 2113 2113 2113 2113 2113 2113 2113 2113 2113 2113 2113 2113 2113 2113 2113 2113 2113 2113 2113 2113 2113 2113 2113 2113 2113 2113 2113 2113 2113 2113 2113 2113 2113 2113 2113 2113 2113 2113 2113 2114 0000 0016 0016 0016 0016 0016 0016 0016 0016 0016 0016 0016 0016 0016 0016 0016 0016 0016 0016 0016 0016 0016 0016
2112 2113 2113 2113 2113 2113 2113 2113 2113 2113 2113 2113 2113 2113 2113 2113 2113 2113 2113 2113 2113 2113 2113 2113 2113 2113 2113 2113 2113 2113 2113 2113 2113 2113 2113 2113 2113 2113 2113 2113 2113 2113 2113 2113 2113 2113 2114 0000 0016 0016 0016 0016 0016 0016 0016 0016 0016 0016 0016 0016 0016 0016 0016 0016 0016 0016 0016 0016 0016 0016
2112 2113 2113 2113 2113 2113 2113 2113 2113 2113 2113 2113 2113 2113 2113 2113 2113 2113 2113 2113 2113 2113 2113 2113 2113 2113 2113 2113 2113 2113 2113 2113 2113 2113 2113 2113 2113 2113 2113 2113 2113 2113 2113 2113 2113 2113 2114 0000 0016 0016 0016 0016 0016 0016 0016 0016 0016 0016 0016 0016 0016 0016 0016 0016 0016 0016 0016 0016 0016 0016
2112 2113 2113 2113 2113 2113 2113 2113 2113 2113 2113 2113 2113 2113 2113 2113 2113 2113 2113 2113 2113 2113 2113 2113 2113 2113 2113 2113 2113 2113 2113 2113 2113 2113 2113 2113 2113 2113 2113 2113 2113 2113 2113 2113 2113 2113 2114 0000 0016 0016 0016 0016 0016 0016 0016 0016 0016 0016 0016 0016 0016 0016 0016 0016 0016 0016 0016 0016 0016 0016
2112 2113 2113 2113 2113 2113 2113 2113 2113 2113 2113 2113 2113 2113 2113 2113 2113 2113 2113 2113 2113 2113 2113 2113 2113 2113 2113 2113 2113 2113 2113 2113 2113 2113 2113 2113 2113 2113 2113 2113 2113 2113 2113 2113 2113 2113 2114 0000 0016 0016 0016 0016 0016 0016 0016 0016 0016 0016 0016 0016 0016 0016 0016 0016 0016 0016 0016 0016 0016 0016
2112 2113 2113 2113 2113 2113 2113 2113 2113 2113 2113 2113 2113 2113 2113 2113 2113 2113 2113 2113 2113 2113 2113 2113 2113 2113 2113 2113 2113 2113 2113 2113 2113 2113 2113 2113 2113 2113 2113 2113 2113 2113 2113 2113 2113 2113 2114 0000 0016 0016 0016 0016 0016 0016 0016 0016 0016 0016 0016 0016 0016 0016 0016 0016 0016 0016 0016 0016 0016 0016
2112 2113 2113 2113 2113 2113 2113 2113 2113 2113 2113 2113 2113 2113 2113 2113 2113 2113 2113 2113 2113 2113 2113 2113 2113 2113 2113 2113 2113 2113 2113 2113 2113 2113 2113 2113 2113 2113 2113 2113 2113 2113 2113 2113 2113 2113 2114 0000 0016 0016 0016 0016 0016 0016 0016 0016 0016 0016 0016 0016 0016 0016 0016 0016 0016 0016 0016 0016 0016 0016
2112 2113 2113 2113 2113 2113 2113 2113 2113 2113 2113 2113 2113 2113 2113 2113 2113 2113 2113 2113 2113 2113 2113 2113 2113 2113 2113 2113 2113 2113 2113 2113 2113 2113 2113 2113 2113 2113 2113 2113 2113 2113 2113 2113 2113 2113 2114 0000 0016 0016 0016 0016 0016 0016 0016 0016 0016 0016 0016 0016 0016 0016 0016 0016 0016 0016 0016 0016 0016 0016
2112 2113 2113 2113 2113 2113 2113 2113 2113 2113 2113 2113 2113 2113 2113 2113 2113 2113 2113 2113 2113 2113 2113 2113 2113 2113 2113 2113 2113 2113 2113 2113 2113 2113 2113 2113 2113 2113 2113 2113 2113 2113 2113 2113 2113 2113 2114 0000 0016 0016 0016 0016 0016 0016 0016 0016 0016 0016 0016 0016 0016 0016 0016 0016 0016 0016 0016 0016 0016 0016
2112 2113 2113 2113 2113 2113 2113 2113 2113 2113 2113 2113 2113 2113 2113 2113 2113 2113 2113 2113 2113 2113 2113 2113 2113 2113 2113 2113 2113 2113 2113 2113 2113 2113 2113 2113 2113 2113 2113 2113 2113 2113 2113 2113 2113 2113 2114 0000 0016 0016 0016 0016 0016 0016 0016 0016 0016 0016 0016 0016 0016 0016 0016 0016 0016 0016 0016 0016 0016 0016
2112 2113 2113 2113 2113 2113 2113 2113 2113 2113 2113 2113 2113 2113 2113 2113 2113 2113 2113 2113 2113 2113 2113 2113 2113 2113 2113 2113 2113 2113 2113 2113 2113 2113 2113 2113 2113 2113 2113 2113 2113 2113 2113 2113 2113 2113 2114 0000 0016 0016 0016 0016 0016 0016 0016 0016 0016 0016 0016 0016 0016 0016 0016 0016 0016 0016 0016 0016 0016 0016
2112 2113 2113 2113 2113 2113 2113 2113 2113 2113 2113 2113 2113 2113 2113 2113 2113 2113 2113 2113 2113 2113 2113 2113 2113 2113 2113 2113 2113 2113 2113 2113 2113 2113 2113 2113 2113 2113 2113 2113 2113 2113 2113 2113 2113 2113 2114 0000 0016 0016 0016 0016 0016 0016 0016 0016 0016 0016 0016 0016 0016 0016 0016 0016 0016 0016 0016 0016 0016 0016
2112 2113 2113 2113 2113 2113 2113 2113 2113 2113 2113 2113 2113 2113 2113 2113 2113 2113 2113 2113 2113 2113 2113 2113 2113 2113 2113 2113 2113 2113 2113 2113 2113 2113 2113 2113 2113 2113 2113 2113 2113 2113 2113 2113 2113 2113 2114 0000 0016 0016 0016 0016 0016 0016 0016 0016 0016 0016 0016 0016 0016 0016 0016 0016 0016 0016 0016 0016 0016 0016
2112 2113 2113 2113 2113 2113 2113 2113 2113 2113 2113 2113 2113 2113 2113 2113 2113 2113 2113 2113 2113 2113 2113 2113 2113 2113 2113 2113 2113 2113 2113 2113 2113 2113 2113 2113 2113 2113 2113 2113 2113 2113 2113 2113 2113 2113 2114 0000 0016 0016 0016 0016 0016 0016 0016 0016 0016 0016 0016 0016 0016 0016 0016 0016 0016 0016 0016 0016 0016 0016
2112 2113 2113 2113 2113 2113 2113 2113 2113 2113 2113 2113 2113 2113 2113 2113 2113 2113 2113 2113 2113 2113 2113 2113 2113 2113 2113 2113 2113 2113 2113 2113 2113 2113 2113 2113 2113 2113 2113 2113 2113 2113 2113 2113 2113 2113 2114 0000 0000 0000 0000 0000 0000 0000 0000 0000 0000 0000 0000 0000 0000 0000 0000 0000 0000 0000 0000 0000 0000 0000
2112 2113 2113 2113 2113 2113 2113 2113 2113 2113 2113 2113 2113 2113 2113 2113 2113 2113 2113 2113 2113 2113 2113 2113 2113 2113 2113 2113 2113 2113 2113 2113 2113 2113 2113 2113 2113 2113 2113 2113 2113 2113 2113 2113 2113 2113 2114 0000 0000 0000 0000 0000 0000 0000 0000 0000 0000 0000 0000 0000 0000 0000 0000 0000 0000 0000 0000 0000 0000 0000
2112 2113 2113 2113 2113 2113 2113 2113 2113 2113 2113 2113 2113 2113 2113 2113 2113 2113 2113 2113 2113 2113 2113 2113 2113 2113 2113 2113 2113 2113 2113 2113 2113 2113 2113 2113 2113 2113 2113 2113 2113 2113 2113 2113 2113 2113 2114 0000 0000 0000 0000 0000 0000 0000 0000 0000 0000 0000 0000 0000 0000 0000 0000 0000 0000 0000 0000 0000 0000 0000
2176 2177 2177 2177 2177 2177 2177 2177 2177 2177 2177 2177 2177 2177 2177 2177 2177 2177 2177 2177 2177 2177 2177 2177 2177 2177 2177 2177 2177 2177 2177 2177 2177 2177 2177 2177 2177 2177 2177 2177 2177 2177 2177 2177 2177 2177 2178 0000 0016 0016 0016 0016 0016 0016 0016 0016 0016 0016 0016 0016 0016 0016 0016 0016 0016 0016 0016 0016 0016 0016
0016 0016 0016 0016 0016 0016 0016 0016 0016 0016 0016 0016 0016 0016 0016 0016 0016 0016 0016 0016 0016 0016 0016 0016 0016 0016 0016 0016 0016 0016 0016 0016 0016 0016 0016 0016 0016 0016 0016 0016 0016 0016 0016 0016 0016 0016 0016 0016 0016 0016 0016 0016 0016 0016 0016 0016 0016 0016 0016 0016 0016 0016 0016 0016 0016 0016 0016 0016 0016 0016
-----
6018 6016 6018 6016 6018 6016 6018 6016 6018 6016 6018 6016 6018 6016 6018 6016 6018 6016 6018 6016 6018 6016 6018 6016 6018 6016 6018 6016 6018 6016 6018 6016 6018 6016 6018 6016 6018 6016 6018 6016 6018 6016 6018 6016 6018 6016 6018 0000 0000 0000 0000 0000 0000 0000 0000 0000 0000 0000 0000 0000 0000 0000 0000 0000 0000 0000 0000 0000 0000 0000
5894 5892 5894 5892 5894 5892 6146 6144 6146 6144 6146 6144 6146 6144 6146 6144 6146 6144 6146 6144 6146 6144 6146 6144 6146 6144 6146 6144 6146 6144 6146 6144 6146 6144 6146 6144 6146 6144 6146 6144 6146 6144 6146 6144 6146 6144 6146 1954 0000 0000 0000 0000 0000 0000 0000 0000 0000 0000 0000 0000 0000 0000 0000 0000 0000 0000 0000 0000 0000 0000
5892 5894 5892 6146 6144 6146 0000 0000 0000 0000 0000 0000 0000 0000 0000 0000 0000 0000 0000 0000 0000 0000 0000 0000 0000 0000 0000 0000 0000 0000 0000 0000 0000 0000 0000 0000 0000 0000 0000 0000 0000 0000 0000 0000 0000 0000 0000 2018 0000 0000 0000 0000 0000 0000 0000 0000 0000 0000 0000 0000 0000 0000 0000 0000 0000 0000 0000 0000 0000 0000
6020 6022 6146 0000 0000 0000 0000 0000 0000 0000 0000 0000 0000 0000 0000 0000 0000 0000 0000 0000 0000 0000 0000 0000 0000 0000 0000 0000 0000 0000 0000 0000 0000 0000 0000 0000 0000 0000 0000 0000 0000 0000 0000 0000 0000 0000 0000 2018 0000 0000 0000 0000 0000 0000 0000 0000 0000 0000 0000 0000 0000 0000 0000 0000 0000 0000 0000 0000 0000 0000
6022 6146 0000 0000 0000 0000 0000 0000 0000 0000 0000 0000 0000 0000 0000 0000 0000 0000 0000 0000 0000 0000 0000 0000 0000 0000 0000 0000 0000 0000 0000 0000 0000 0000 0000 0000 0000 0000 0000 0000 0000 0000 0000 0000 0000 0000 0000 2018 0000 0000 0000 0000 0000 0000 0000 0000 0000 0000 0000 0000 0000 0000 0000 0000 0000 0000 0000 0000 0000 0000
6146 0000 0000 0000 0000 0000 0000 0000 0000 0000 0000 0000 0000 0000 0000 0000 0000 0000 0000 0000 0000 0000 0000 0000 0000 0000 0000 0000 0000 0000 0000 0000 0000 0000 0000 0000 0000 0000 0000 0000 0000 0000 0000 0000 0000 0000 0000 2018 0000 0000 0000 0000 0000 0000 0000 0000 0000 0000 0000 0000 0000 0000 0000 0000 0000 0000 0000 0000 0000 0000
6018 0000 0000 0000 0000 0000 0000 0000 0000 0000 0000 0000 0000 0000 0000 0000 0000 0000 0000 0000 0000 0000 0000 0000 0000 0000 0000 0000 0000 0000 0000 0000 0000 0000 0000 0000 0000 0000 0000 0000 0000 0000 0000 0000 0000 0000 0000 2018 0000 0000 0000 0000 0000 0000 0000 0000 0000 0000 0000 0000 0000 0000 0000 0000 0000 0000 0000 0000 0000 0000
6146 0000 0000 0000 0000 0000 0000 0000 0000 0000 0000 0000 0000 0000 0000 0000 0000 0000 0000 0000 0000 0000 0000 0000 0000 0000 0000 0000 0000 0000 0000 0000 0000 0000 0000 0000 0000 0000 0000 0000 0000 0000 0000 0000 0000 0000 0000 2018 0000 0000 0000 0000 0000 0000 0000 0000 0000 0000 0000 0000 0000 0000 0000 0000 0000 0000 0000 0000 0000 0000
6018 0000 0000 0000 0000 0000 0000 6016 6018 6016 6018 6016 6018 6016 6018 6016 6018 6016 6018 6016 6018 6016 6018 6016 6018 6016 6018 6016 6018 6016 6018 6016 6018 6016 6018 6016 6018 6016 6018 0000 0000 0000 0000 0000 0000 0000 0000 2018 0000 0000 0000 0000 0000 0000 0000 0000 0000 0000 0000 0000 0000 0000 0000 0000 0000 0000 0000 0000 0000 0000
6146 0000 0000 0000 0000 0000 6016 6022 6020 6022 6020 6022 6020 6022 6020 6022 6020 6022 6020 6022 6020 6022 6020 6022 6020 6022 6020 6022 6020 6022 6020 6022 6020 6022 6020 6022 6020 6022 6146 0000 0000 0000 0000 0000 0000 0000 0000 2018 0000 0000 0000 0000 0000 0000 0000 0000 0000 0000 0000 0000 0000 0000 0000 0000 0000 0000 0000 0000 0000 0000
6018 0000 0000 0000 0000 6016 6022 6020 6022 6146 6144 6146 6144 6146 6144 6146 6144 6146 6144 6146 6144 6146 6144 6146 6144 6146 6144 6146 6144 6146 6144 6146 6144 6146 6144 6020 6022 6020 6018 0000 0000 0000 0000 0000 0000 0000 0000 2018 0000 0000 0000 0000 0000 0000 0000 0000 0000 0000 0000 0000 0000 0000 0000 0000 0000 0000 0000 0000 0000 0000
6146 0000 0000 0000 6016 6022 6020 6022 6146 0000 0000 0000 0000 0000 0000 0000 0000 0000 0000 0000 0000 0000 0000 0000 0000 0000 0000 0000 0000 0000 0000 0000 0000 0000 6016 6022 6020 6022 6146 0000 0000 0000 0000 0000 0000 0000 0000 2018 0000 0000 0000 0000 0000 0000 0000 0000 0000 0000 0000 0000 0000 0000 0000 0000 0000 0000 0000 0000 0000 0000
6018 0000 0000 0000 6144 6146 6144 6146 0000 0000 0000 0000 0000 0000 0000 0000 0000 0000 0000 0000 0000 0000 0000 0000 0000 0000 0000 0000 0000 0000 0000 0000 0000 0000 6144 6020 6022 6020 6018 0000 0000 0000 0000 0000 0000 0000 0000 2018 0000 0000 0000 0000 0000 0000 0000 0000 0000 0000 0000 0000 0000 0000 0000 0000 0000 0000 0000 0000 0000 0000
6146 0000 0000 0000 0000 0000 0000 0000 0000 0000 0000 0000 0000 0000 0000 0000 0000 0000 0000 0000 0000 0000 0000 0000 0000 0000 0000 0000 0000 0000 0000 0000 0000 0000 6016 6022 6020 6022 6146 0000 0000 0000 0000 0000 0000 0000 0000 2018 0000 0000 0000 0000 0000 0000 0000 0000 0000 0000 0000 0000 0000 0000 0000 0000 0000 0000 0000 0000 0000 0000
6018 0000 0000 0000 0000 0000 0000 0000 0000 0000 0000 0000 0000 0000 0000 0000 0000 0000 0000 0000 0000 0000 0000 0000 0000 0000 0000 0000 0000 0000 0000 0000 0000 0000 6144 6020 6022 6020 6018 0000 0000 0000 0000 0000 0000 0000 0000 2018 0000 0000 0000 0000 0000 0000 0000 0000 0000 0000 0000 0000 0000 0000 0000 0000 0000 0000 0000 0000 0000 0000
6146 0000 0000 0000 0000 0000 0000 0000 0000 0000 0000 0000 0000 0000 0000 0000 0000 0000 0000 0000 0000 0000 0000 0000 0000 0000 0000 0000 0000 0000 0000 0000 0000 0000 6016 6022 6020 6022 6146 0000 0000 0000 0000 0000 0000 0000 0000 2018 0000 0000 0000 0000 0000 0000 0000 0000 0000 0000 0000 0000 0000 0000 0000 0000 0000 0000 0000 0000 0000 0000
6018 0000 0000 0000 0000 0000 0000 0000 0000 0000 0000 0000 0000 0000 0000 0000 0000 0000 0000 0000 0000 0000 0000 0000 0000 0000 0000 0000 0000 0000 0000 0000 0000 0000 6144 6020 6022 6020 6018 0000 0000 0000 0000 0000 0000 0000 0000 2018 0000 0000 0000 0000 0000 0000 0000 0000 0000 0000 0000 0000 0000 0000 0000 0000 0000 0000 0000 0000 0000 0000
6020 6018 6016 6018 6016 6018 6016 6018 6016 6018 6016 6018 6016 6018 6016 6018 6016 6018 6016 6018 6016 6018 6016 6018 6016 6018 6016 6018 0000 0000 0000 0000 0000 0000 6016 6022 6020 6022 6146 0000 0000 0000 0000 0000 0000 0000 0000 2018 0000 0000 0000 0000 0000 0000 0000 0000 0000 0000 0000 0000 0000 0000 0000 0000 0000 0000 0000 0000 0000 0000
6022 6020 6022 6020 6022 6020 6022 6020 6022 6020 6022 6020 6022 6020 6022 6020 6022 6020 6022 6020 6022 6020 6022 6020 6022 6020 6022 6020 6018 0000 0000 0000 0000 0000 6144 6020 6022 6020 6018 0000 0000 0000 0000 0000 0000 0000 0000 2018 0000 0000 0000 0000 0000 0000 0000 0000 0000 0000 0000 0000 0000 0000 0000 0000 0000 0000 0000 0000 0000 0000
6020 6022 6020 6022 6020 6022 6020 6022 6020 6022 6020 6022 6020 6022 6020 6022 6020 6022 6020 6022 6020 6022 6020 6022 6020 6022 6020 6022 6020 6018 0000 0000 0000 0000 6016 6022 6020 6022 6146 0000 0000 0000 0000 0000 0000 0000 0000 2018 0000 0000 0000 0000 0000 0000 0000 0000 0000 0000 0000 0000 0000 0000 0000 0000 0000 0000 0000 0000 0000 0000
6022 6020 6022 6146 6144 6146 6144 6146 6144 6146 6144 6020 6022 6020 6022 6020 6022 6020 6022 6146 6144 6146 6144 6146 6144 6146 6144 6146 6144 6146 0000 0000 0000 0000 6144 6020 6022 6020 6018 0000 0000 0000 0000 0000 0000 0000 0000 2018 0000 0000 0000 0000 0000 0000 0000 0000 0000 0000 0000 0000 0000 0000 0000 0000 0000 0000 0000 0000 0000 0000
6020 6022 6146 0000 0000 0000 0000 0000 0000 0000 0000 6144 6146 6144 6146 6144 6146 6144 6146 0000 0000 0000 0000 0000 0000 0000 0000 0000 0000 0000 0000 0000 0000 0000 6016 6022 6020 6022 6146 0000 0000 0000 0000 0000 0000 0000 0000 2018 0000 0000 0000 0000 0000 0000 0000 0000 0000 0000 0000 0000 0000 0000 0000 0000 0000 0000 0000 0000 0000 0000
6144 6146 0000 0000 0000 0000 0000 0000 0000 0000 0000 0000 0000 0000 0000 0000 0000 0000 0000 0000 0000 0000 0000 0000 0000 0000 0000 0000 0000 0000 0000 0000 0000 0000 6144 6020 6022 6020 6018 0000 0000 0000 0000 0000 0000 0000 0000 2018 0000 0000 0000 0000 0000 0000 0000 0000 0000 0000 0000 0000 0000 0000 0000 0000 0000 0000 0000 0000 0000 0000
0000 0000 0000 0000 0000 0000 0000 0000 0000 0000 0000 0000 0000 0000 0000 0000 0000 0000 0000 0000 0000 0000 0000 0000 0000 0000 0000 0000 0000 0000 0000 0000 0000 0000 6016 6022 6020 6022 6146 0000 0000 0000 0000 0000 0000 0000 0000 2018 0000 0000 0000 0000 0000 0000 0000 0000 0000 0000 0000 0000 0000 0000 0000 0000 0000 0000 0000 0000 0000 0000
0000 0000 0000 0000 0000 0000 0000 6016 6018 0000 0000 0000 0000 0000 0000 0000 0000 0000 0000 0000 0000 0000 0000 0000 0000 0000 0000 0000 0000 0000 0000 0000 0000 0000 6144 6020 6022 6020 6018 0000 0000 0000 0000 0000 0000 0000 0000 2018 0532 0532 0532 0532 0532 0532 0660 0532 0532 0532 0532 0532 0532 0660 0532 0532 0532 0532 0660 0532 0532 0532
6016 6018 6016 6018 6016 6018 6016 6022 6020 6018 6016 6018 0000 0000 0000 0000 0000 0000 0000 0000 0000 0000 0000 0000 0000 0000 0000 0000 0000 0000 0000 0000 0000 0000 6016 6022 6020 6022 6146 0000 0000 0000 0000 0000 0000 0000 0000 2018 0532 0532 0660 0532 0532 0532 0532 0532 0532 0532 0660 0532 0532 0532 0532 0532 0532 0532 0532 0532 0532 0532
6022 6020 6022 6020 6022 6020 6022 6020 6022 6020 6022 6020 6018 0000 0000 0000 0000 0000 0000 0000 0000 0000 0000 0000 0000 0000 0000 0000 0000 0000 0000 0000 0000 6016 6022 6020 6022 6020 6018 0000 0000 0000 0000 0000 0000 0000 0000 2018 0532 0532 0532 0532 0660 0532 0532 0532 0660 0532 0532 0532 0532 0532 0532 0660 0532 0532 0532 0532 0660 0532
6146 6144 6146 6144 6146 6144 6146 6144 6146 6144 6146 6144 6146 0000 0000 0000 0000 0000 0000 0000 0000 0000 0000 0000 0000 0000 0000 0000 0000 0000 0000 0000 0000 6144 6146 6144 6146 6144 6146 0000 0000 0000 0000 0000 0000 0000 0000 2082 0000 0000 0000 0000 0000 0000 0000 0000 0000 0000 0000 0000 0000 0000 0000 0000 0000 0000 0000 0000 0000 0000
2209 2209 2209 2209 2209 2209 2209 2209 2209 2209 2209 2209 2209 2209 2209 2209 2209 2209 2209 2209 2209 2209 2209 2209 2209 2209 2209 2209 2209 2209 2209 2209 2209 2209 2209 2209 2209 2209 2209 2209 2209 2209 2209 2209 2209 2209 2209 2210 0000 0000 0000 0000 0000 0000 0000 0000 0000 0000 0000 0000 0000 0000 0000 0000 0000 0000 0000 0000 0000 0000
-----
0000 0000 0000 0000 0000 0000 0000 0000 0000 0000 0000 0000 0000 0000 0000 0000 0000 0000 0000 0000 0000 0000 0000 0000 0000 0000 0000 0000 0000 0000 0000 0000 0000 0000 0000 0000 0000 0000 0000 0000 0000 0000 0000 0000 0000 0000 0000 0000 0000 0000 0000 0000 0000 0000 0000 0000 0000 0000 0000 0000 0000 0000 0000 0000 0000 0000 0000 0000 0000 0000
0000 0000 0000 0000 0000 0000 0000 0000 0000 0000 0000 0000 0000 0000 0000 0000 0000 0000 0000 0000 0000 0000 0000 0000 0000 0000 0000 0000 0000 0000 0000 0000 0000 0000 0000 0000 0000 0000 0000 0000 0000 0000 0000 0000 0000 0000 0000 0000 0000 0000 0000 0000 0000 0000 0000 0000 0000 0000 0000 0000 0000 0000 0000 0000 0000 0000 0000 0000 0000 0000
0000 0000 0000 0000 0000 0000 0000 0000 0000 0000 0000 0000 0000 0000 0000 0000 0000 0000 0000 0000 0000 0000 0000 0000 0000 0000 0000 0000 0000 0000 0000 0000 0000 0000 0000 0000 0000 0000 0000 0000 0000 0000 0000 0000 0000 0000 0000 0000 0000 0000 0000 0000 0000 0000 0000 0000 0000 0000 0000 0000 0000 0000 0000 0000 0000 0000 0000 0000 0000 0000
0000 0000 0000 0000 0000 0000 0000 0000 0000 0000 0000 0000 0000 0000 0000 0000 0000 0000 0000 0000 0000 0000 0000 0000 0000 0000 0000 0000 0000 0000 0000 0000 0000 0000 0000 0000 0000 0000 0000 0000 0000 0000 0000 0000 0000 0000 0000 0000 0000 0000 0000 0000 0000 0000 0000 0000 0000 0000 0000 0000 0000 0000 0000 0000 0000 0000 0000 0000 0000 0000
0000 0000 0000 0000 0000 0000 0000 0000 0000 0000 0000 0000 0000 0000 0000 0000 0000 0000 0000 0000 0000 0000 0000 0000 0000 0000 0000 0000 0000 0000 0000 0000 0000 0000 0000 0000 0000 0000 0000 0000 0000 0000 0000 0000 0000 0000 0000 0000 0000 0000 0000 0000 0000 0000 0000 0000 0000 0000 0000 0000 0000 0000 0000 0000 0000 0000 0000 0000 0000 0000
0000 0000 0000 0000 0000 0000 0000 0000 0000 0000 0000 0000 0000 0000 0000 0000 0000 0000 0000 0000 0000 0000 0000 0000 0000 0000 0000 0000 0000 0000 0000 0000 0000 0000 0000 0000 0000 0000 0000 0000 0000 0000 0000 0000 0000 0000 0000 0000 0000 0000 0000 0000 0000 0000 0000 0000 0000 0000 0000 0000 0000 0000 0000 0000 0000 0000 0000 0000 0000 0000
0000 0000 0000 0000 0000 0000 0000 0000 0000 0000 0000 0000 0000 0000 0000 0000 0000 0000 0000 0000 0000 0000 0000 0000 0000 0000 0000 0000 0000 0000 0000 0000 0000 0000 0000 0000 0000 0000 0000 0000 0000 0000 0000 0000 0000 0000 0000 0000 0000 0000 0000 0000 0000 0000 0000 0000 0000 0000 0000 0000 0000 0000 0000 0000 0000 0000 0000 0000 0000 0000
0000 0000 0000 0000 0000 0000 0000 0000 0000 0000 0000 0000 0000 0000 0000 0000 0000 0000 0000 0000 0000 0000 0000 0000 0000 0000 0000 0000 0000 0000 0000 0000 0000 0000 0000 0000 0000 0000 0000 0000 0000 0000 0000 0000 0000 0000 0000 0000 0000 0000 0000 0000 0000 0000 0000 0000 0000 0000 0000 0000 0000 0000 0000 0000 0000 0000 0000 0000 0000 0000
0000 0000 0000 0000 0000 0000 0000 0000 0000 0000 0000 0000 0000 0000 0000 0000 0000 0000 0000 0000 0000 0000 0000 0000 0000 0000 0000 0000 0000 0000 0000 0000 0000 0000 0000 0000 0000 0000 0000 0000 0000 0000 0000 0000 0000 0000 0000 0000 0000 0000 0000 0000 0000 0000 0000 0000 0000 0000 0000 0000 0000 0000 0000 0000 0000 0000 0000 0000 0000 0000
0000 0000 0000 0000 0000 0000 0000 0000 0000 0000 0000 0000 0000 0000 0000 0000 0000 0000 0000 0000 0000 0000 0000 0000 0000 0000 0000 0000 0000 0000 0000 0000 0000 0000 0000 0000 0000 0000 0000 0000 0000 0000 0000 0000 0000 0000 0000 0000 0000 0000 0000 0000 0000 0000 0000 0000 0000 0000 0000 0000 0000 0000 0000 0000 0000 0000 0000 0000 0000 0000
0000 0000 0000 0000 0000 0000 0000 0000 0000 0000 0000 0000 0000 0000 0000 0000 0000 0000 0000 0000 0000 0000 0000 0000 0000 0000 0000 0000 0000 0000 0000 0000 0000 0000 0000 0000 0000 0000 0000 0000 0000 0000 0000 0000 0000 0000 0000 0000 0000 0000 0000 0000 0000 0000 0000 0000 0000 0000 0000 0000 0000 0000 0000 0000 0000 0000 0000 0000 0000 0000
0000 0000 0000 0000 0000 0000 0000 0000 0000 0000 0000 0000 0000 0000 0000 0000 0000 0000 0000 0000 0000 0000 0000 0000 0000 0000 0000 0000 0000 0000 0000 0000 0000 0000 0000 0000 0000 0000 0000 0000 0000 0000 0000 0000 0000 0000 0000 0000 0000 0000 0000 0000 0000 0000 0000 0000 0000 0000 0000 0000 0000 0000 0000 0000 0000 0000 0000 0000 0000 0000
0000 0000 0000 0000 0000 0000 0000 0000 0000 0000 0000 0000 0000 0000 0000 0000 0000 0000 0000 0000 0000 0000 0000 0000 0000 0000 0000 0000 0000 0000 0000 0000 0000 0000 0000 0000 0000 0000 0000 0000 0000 0000 0000 0000 0000 0000 0000 0000 0000 0000 0000 0000 0000 0000 0000 0000 0000 0000 0000 0000 0000 0000 0000 0000 0000 0000 0000 0000 0000 0000
0000 0000 0000 0000 0000 0000 0000 0000 0000 0000 0000 0000 0000 0000 0000 0000 0000 0000 0000 0000 0000 0000 0000 0000 0000 0000 0000 0000 0000 0000 0000 0000 0000 0000 0000 0000 0000 0000 0000 0000 0000 0000 0000 0000 0000 0000 0000 0000 0000 0000 0000 0000 0000 0000 0000 0000 0000 0000 0000 0000 0000 0000 0000 0000 0000 0000 0000 0000 0000 0000
0000 0000 0000 0000 0000 0000 0000 0000 0000 0000 0000 0000 0000 0000 0000 0000 0000 0000 0000 0000 0000 0000 0000 0000 0000 0000 0000 0000 0000 0000 0000 0000 0000 0000 0000 0000 0000 0000 0000 0000 0000 0000 0000 0000 0000 0000 0000 0000 0000 0000 0000 0000 0000 0000 0000 0000 0000 0000 0000 0000 0000 0000 0000 0000 0000 0000 0000 0000 0000 0000
0000 0000 0000 0000 0000 0000 0000 0000 0000 0000 0000 0000 0000 0000 0000 0000 0000 0000 0000 0000 0000 0000 0000 0000 0000 0000 0000 0000 0000 0000 0000 0000 0000 0000 0000 0000 0000 0000 0000 0000 0000 0000 0000 0000 0000 0000 0000 0000 0000 0000 0000 0000 0000 0000 0000 0000 0000 0000 0000 0000 0000 0000 0000 0000 0000 0000 0000 0000 0000 0000
0000 0000 0000 0000 0000 0000 0000 0000 0000 0000 0000 0000 0000 0000 0000 0000 0000 0000 0000 0000 0000 0000 0000 0000 0000 0000 0000 0000 0000 0000 0000 0000 0000 0000 0000 0000 0000 0000 0000 0000 0000 0000 0000 0000 0000 0000 0000 0000 0000 0000 0000 0000 0000 0000 0000 0000 0000 0000 0000 0000 0000 0000 0000 0000 0000 0000 0000 0000 0000 0000
0000 0000 0000 0000 0000 0000 0000 0000 0000 0000 0000 0000 0000 0000 0000 0000 0000 0000 0000 0000 0000 0000 0000 0000 0000 0000 0000 0000 0000 0000 0000 0000 0000 0000 0000 0000 0000 0000 0000 0000 0000 0000 0000 0000 0000 0000 0000 0000 0000 0000 0000 0000 0000 0000 0000 0000 0000 0000 0000 0000 0000 0000 0000 0000 0000 0000 0000 0000 0000 0000
0000 0000 0000 0000 0000 0000 0000 0000 0000 0000 0000 0000 0000 0000 0000 0000 0000 0000 0000 0000 0000 0000 0000 0000 0000 0000 0000 0000 0000 0000 0000 0000 0000 0000 0000 0000 0000 0000 0000 0000 0000 0000 0000 0000 0000 0000 0000 0000 0000 0000 0000 0000 0000 0000 0000 0000 0000 0000 0000 0000 0000 0000 0000 0000 0000 0000 0000 0000 0000 0000
0000 0000 0000 0000 0000 0000 0000 0000 0000 0000 0000 0000 0000 0000 0000 0000 0000 0000 0000 0000 0000 0000 0000 0000 0000 0000 0000 0000 0000 0000 0000 0000 0000 0000 0000 0000 0000 0000 0000 0000 0000 0000 0000 0000 0000 0000 0000 0000 0000 0000 0000 0000 0000 0000 0000 0000 0000 0000 0000 0000 0000 0000 0000 0000 0000 0000 0000 0000 0000 0000
0000 0000 0000 0000 0000 0000 0000 0000 0000 0000 0000 0000 0000 0000 0000 0000 0000 0000 0000 0000 0000 0000 0000 0000 0000 0000 0000 0000 0000 0000 0000 0000 0000 0000 0000 0000 0000 0000 0000 0000 0000 0000 0000 0000 0000 0000 0000 0000 0000 0000 0000 0000 0000 0000 0000 0000 0000 0000 0000 0000 0000 0000 0000 0000 0000 0000 0000 0000 0000 0000
0000 0000 0000 0000 0000 0000 0000 0000 0000 0000 0000 0000 0000 0000 0000 0000 0000 0000 0000 0000 0000 0000 0000 0000 0000 0000 0000 0000 0000 0000 0000 0000 0000 0000 0000 0000 0000 0000 0000 0000 0000 0000 0000 0000 0000 0000 0000 0000 0000 0000 0000 0000 0000 0000 0000 0000 0000 0000 0000 0000 0000 0000 0000 0000 0000 0000 0000 0000 0000 0000
0000 0000 0000 0000 0000 0000 0000 0000 0000 0000 0000 0000 0000 0000 0000 0000 0000 0000 0000 0000 0000 0000 0000 0000 0000 0000 0000 0000 0000 0000 0000 0000 0000 0000 0000 0000 0000 0000 0000 0000 0000 0000 0000 0000 0000 0000 0000 2966 0000 0000 0000 0000 0000 0000 0000 0000 0000 0000 0000 0000 0000 0000 0000 0000 0000 0000 0000 0000 0000 0000
0000 0000 0000 0000 0000 0000 0000 0000 0000 0000 0000 0000 0000 0000 0000 0000 0000 0000 0000 0000 0000 0000 0000 0000 0000 0000 0000 0000 0000 0000 0000 0000 0000 0000 0000 0000 0000 0000 0000 0000 0000 0000 0000 0000 0000 0000 0000 3094 3096 3098 3099 3099 3099 3099 3099 3099 3099 3099 3099 3099 3099 3099 3099 3099 3099 3099 3099 3099 3099 3099
0000 0000 0000 0000 0000 0000 0000 0000 0000 0000 0000 0000 0000 0000 0000 0000 0000 0000 0000 0000 0000 0000 0000 0000 0000 0000 0000 0000 0000 0000 0000 0000 0000 0000 0000 0000 0000 0000 0000 0000 0000 0000 0000 0000 0000 0000 0000 0000 0000 0000 0000 0000 0000 0000 0000 0000 0000 0000 0000 0000 0000 0000 0000 0000 0000 0000 0000 0000 0000 0000
0000 0000 0000 0000 0000 0000 0000 0000 0000 0000 0000 0000 0000 0000 0000 0000 0000 0000 0000 0000 0000 0000 0000 0000 0000 0000 0000 0000 0000 0000 0000 0000 0000 0000 0000 0000 0000 0000 0000 0000 0000 0000 0000 0000 0000 0000 0000 0000 0000 0000 0000 0000 0000 0000 0000 0000 0000 0000 0000 0000 0000 0000 0000 0000 0000 0000 0000 0000 0000 0000
0000 0000 0000 0000 0000 0000 0000 0000 0000 0000 0000 0000 0000 0000 0000 0000 0000 0000 0000 0000 0000 0000 0000 0000 0000 0000 0000 0000 0000 0000 0000 0000 0000 0000 0000 0000 0000 0000 0000 0000 0000 0000 0000 0000 0000 0000 0000 3222 3224 3226 3227 3227 3227 3227 3227 3227 3227 3227 3227 3227 3227 3227 3227 3227 3227 3227 3227 3227 3227 3227
0000 0000 0000 0000 0000 0000 0000 0000 0000 0000 0000 0000 0000 0000 0000 0000 0000 0000 0000 0000 0000 0000 0000 0000 0000 0000 0000 0000 0000 0000 0000 0000 0000 0000 0000 0000 0000 0000 0000 0000 0000 0000 0000 0000 0000 0000 0000 3350 3352 3354 3355 3355 3355 3355 3355 3355 3355 3355 3355 3355 3355 3355 3355 3355 3355 3355 3355 3355 3355 3355
0000 0000 0000 0000 0000 0000 0000 0000 0000 0000 0000 0000 0000 0000 0000 0000 0000 0000 0000 0000 0000 0000 0000 0000 0000 0000 0000 0000 0000 0000 0000 0000 0000 0000 0000 0000 0000 0000 0000 0000 0000 0000 0000 0000 0000 0000 0000 0000 0000 0000 0000 0000 0000 0000 0000 0000 0000 0000 0000 0000 0000 0000 0000 0000 0000 0000 0000 0000 0000 0000